0.0 0.25
0.010101010101010102 0.2515151515151515
0.020202020202020204 0.25303030303030305
0.030303030303030304 0.2545454545454545
0.04040404040404041 0.25606060606060604
0.05050505050505051 0.25757575757575757
0.06060606060606061 0.2590909090909091
0.07070707070707072 0.2606060606060606
0.08080808080808081 0.26212121212121214
0.09090909090909091 0.2636363636363636
0.10101010101010102 0.26515151515151514
0.11111111111111112 0.26666666666666666
0.12121212121212122 0.2681818181818182
0.13131313131313133 0.2696969696969697
0.14141414141414144 0.27121212121212124
0.15151515151515152 0.2727272727272727
0.16161616161616163 0.27424242424242423
0.17171717171717174 0.27575757575757576
0.18181818181818182 0.2772727272727273
0.19191919191919193 0.2787878787878788
0.20202020202020204 0.28030303030303033
0.21212121212121213 0.2818181818181818
0.22222222222222224 0.2833333333333333
0.23232323232323235 0.28484848484848485
0.24242424242424243 0.2863636363636364
0.25252525252525254 0.2878787878787879
0.26262626262626265 0.2893939393939394
0.27272727272727276 0.2909090909090909
0.2828282828282829 0.2924242424242424
0.29292929292929293 0.29393939393939394
0.30303030303030304 0.29545454545454547
0.31313131313131315 0.296969696969697
0.32323232323232326 0.29848484848484846
0.33333333333333337 0.3
0.3434343434343435 0.3015151515151515
0.3535353535353536 0.30303030303030304
0.36363636363636365 0.30454545454545456
0.37373737373737376 0.3060606060606061
0.38383838383838387 0.3075757575757576
0.393939393939394 0.3090909090909091
0.4040404040404041 0.3106060606060606
0.4141414141414142 0.31212121212121213
0.42424242424242425 0.31363636363636366
0.43434343434343436 0.3151515151515152
0.4444444444444445 0.31666666666666665
0.4545454545454546 0.3181818181818182
0.4646464646464647 0.3196969696969697
0.4747474747474748 0.3212121212121212
0.48484848484848486 0.32272727272727275
0.494949494949495 0.3242424242424242
0.5050505050505051 0.3257575757575758
0.5151515151515152 0.32727272727272727
0.5252525252525253 0.3287878787878788
0.5353535353535354 0.3303030303030303
0.5454545454545455 0.33181818181818185
0.5555555555555556 0.33333333333333337
0.5656565656565657 0.33484848484848484
0.5757575757575758 0.33636363636363636
0.5858585858585859 0.3378787878787879
0.595959595959596 0.3393939393939394
0.6060606060606061 0.34090909090909094
0.6161616161616162 0.3424242424242424
0.6262626262626263 0.34393939393939393
0.6363636363636365 0.34545454545454546
0.6464646464646465 0.346969696969697
0.6565656565656566 0.3484848484848485
0.6666666666666667 0.35000000000000003
0.6767676767676768 0.35151515151515156
0.686868686868687 0.353030303030303
0.696969696969697 0.35454545454545455
0.7070707070707072 0.3560606060606061
0.7171717171717172 0.3575757575757576
0.7272727272727273 0.3590909090909091
0.7373737373737375 0.3606060606060606
0.7474747474747475 0.3621212121212121
0.7575757575757577 0.36363636363636365
0.7676767676767677 0.36515151515151517
0.7777777777777778 0.3666666666666667
0.787878787878788 0.36818181818181817
0.797979797979798 0.36969696969696975
0.8080808080808082 0.3712121212121212
0.8181818181818182 0.37272727272727274
0.8282828282828284 0.37424242424242427
0.8383838383838385 0.37575757575757573
0.8484848484848485 0.3772727272727273
0.8585858585858587 0.3787878787878788
0.8686868686868687 0.3803030303030303
0.8787878787878789 0.38181818181818183
0.888888888888889 0.38333333333333336
0.8989898989898991 0.3848484848484849
0.9090909090909092 0.38636363636363635
0.9191919191919192 0.38787878787878793
0.9292929292929294 0.3893939393939394
0.9393939393939394 0.39090909090909093
0.9494949494949496 0.39242424242424245
0.9595959595959597 0.3939393939393939
0.9696969696969697 0.3954545454545455
0.9797979797979799 0.396969696969697
0.98989898989899 0.3984848484848485
1.0 0.4
